A: -1.0
B: -1.0
C: -1.0
DELTA: 5.0
X1: 3.618033988749895
X2: 1.381966011250105
------------------
A: -1.0
B: -1.0
C: -1.0
DELTA: 5.0
X1: 3.618033988749895
X2: 1.381966011250105
------------------
A: 1.0
B: 1.0
C: 1.0
DELTA: -8.0
Funkcja nie posiada miejsc zerowych
---------------------
